***
2018-10-20 09:45:37.523720
***
LearningRate:0.4
***
2018-10-20 09:46:30.289608
***
LearningRate:0.4
0.02295517089594603 0.021952911710547803 52.1 50.7
0.1757338601482196 0.1890168480721121 55.2 54.900000000000006
***
2018-10-20 09:48:01.398954
***
LearningRate:0.4
0.002989222777343298 0.002265076453477637 51.64 51.300000000000004
0.0020319800041727724 0.0015922305515603517 51.92 52.300000000000004
0.0019842343793181343 0.0022263240265974395 52.12 50.5
0.0029783247972324984 0.0020315237675319706 52.94 53.1
***
2018-10-20 09:51:30.424774
***
LearningRate:0.4
1.561345533607056 2.0093690962916924 60.8 66.10000000000001
2.1724291877458772 3.739948408221153 71.92 78.60000000000001
1.837980651838301 4.604815541750748 81.42 84.7
1.5474826716377896 4.8725926961100905 86.38 86.6
1.3799446260265011 5.121969223459822 88.0 89.60000000000001
1.3254809360797613 5.4697777244569155 90.12 90.2
1.298305761362013 5.678596779579249 90.36 91.9
1.2352593479426697 5.804753663265925 91.97999999999999 93.10000000000001
1.1435198500100012 5.625083813513008 92.12 91.7
1.1318735226988852 5.856534966430484 92.34 92.30000000000001
1.1440748412610457 6.06259337838509 92.92 93.5
1.1152781375999476 6.344198854954232 93.36 94.3
1.1515043891215984 6.724984323844203 93.76 94.39999999999999
1.133459690435998 6.590383546003311 94.42 94.0
0.9972290284176053 6.9487841502747605 94.92 95.39999999999999
1.04756785908922 6.856132105465031 94.44 95.39999999999999
0.9976099809282439 6.8621524566442496 95.39999999999999 94.5
1.085958222617126 6.6894190688682675 95.08 93.60000000000001
1.1398690559493012 7.020276538010618 95.22 94.89999999999999
1.02975114360766 7.157883270980237 95.34 95.19999999999999
0.94559724354053 7.324736175351871 95.7 96.39999999999999
1.0318452825825024 7.307349084088167 95.86 94.69999999999999
1.0534308093076543 7.579507662276971 95.78 96.0
0.9887842905582892 7.450819842197727 96.54 97.2
0.9139944768007326 7.503742611011119 96.48 97.0
0.9354105844401646 7.495809614371862 96.24000000000001 96.6
0.8481737526657895 7.520826231607069 96.46000000000001 97.8
0.8850265349395801 7.702978413225736 96.48 96.8
0.9024994252398928 7.4777286887636505 96.52 96.5
0.7875951010324738 7.80337989355213 96.76 97.6
0.8777389032690494 7.638015824367935 97.04 96.1
0.8276205178478133 7.8055236420796446 96.82 96.3
0.746061888561552 7.854925871878626 97.52 97.39999999999999
0.8074865452090613 7.642161651297729 97.28 97.5
0.6884925998359438 7.821188512608238 97.04 97.89999999999999
0.6810631415494637 7.988973857012258 97.26 97.3
0.6901540966205139 8.119906044007859 96.98 98.1
0.7292508945461634 8.00322611880408 97.34 97.0
0.6415651649962565 7.93826803926027 97.58 97.5
0.649061207434414 7.975029058643327 97.78 97.6
0.6312285488526738 8.008522565696149 97.16 98.0
0.6248432777250964 7.989563177301811 98.1 97.5
0.6280226652430265 7.931895420499536 97.64 97.5
0.627086280925723 7.812368768172605 97.52 97.89999999999999
0.5777121036904908 8.227989987391947 98.06 98.6
0.6514512241751071 7.99486111276193 97.66 98.4
0.5369121098091763 8.092955822523706 97.61999999999999 98.3
0.5951353448110114 8.263161724554449 97.94 98.0
0.6360712532683932 8.112245239227352 97.98 97.2
0.5796387658026586 8.19934967583492 97.78 97.6
0.5514555821521872 8.2134875224395 97.89999999999999 98.3
0.6863907103048886 8.158456004628356 97.78 97.2
0.5863017511820694 7.986279131898671 98.3 98.0
0.5828840521459089 7.983285622434367 97.72 97.89999999999999
0.5405116875155527 7.964306300743927 98.26 98.9
0.5686645232163109 7.91639496389029 98.56 98.2
0.5815405968136423 8.169145750768532 98.26 98.3
0.4873320882355381 8.161172241319761 98.4 98.6
0.5506424350484116 7.810830593985443 98.2 98.6
0.541669022644575 8.047769163904139 98.18 98.5
0.5084628564687403 8.204609902386832 98.14 98.3
0.5357384209794125 7.776716114003268 98.28 98.5
0.5166580483716144 8.126707671349187 98.34 98.2
0.5688014199386044 7.9665820735834965 98.14 98.3
0.485062559493077 8.361060542346888 98.2 98.5
0.5087952576681233 8.00080829825426 98.36 98.1
0.48311747896112694 8.065788157058549 98.5 99.1
0.4466386627618661 8.160742520273889 98.66 98.9
0.46559649138780534 8.206020637409832 98.6 98.5
0.5185666491110573 8.168055330788466 98.58 98.6
0.4829779917610198 8.14662011057642 98.54 98.3
0.4414978383948211 8.042752591532965 98.46000000000001 98.8
0.46184843465257824 7.9195733396687675 98.36 99.3
0.40495706201561804 8.291520964062748 98.56 99.2
0.43930838460521116 8.13056282934236 98.76 98.5
0.45066845104926045 7.878218710134967 98.9 99.0
